
add_vectors: [5.0, 5.5, 4.2]
subtract_vectors: [-3.0, -1.5, 1.8]
multiply_vectors_elementwise: [4.0, 7.0, 3.5999999999999996]
divide_vectors_elementwise: [0.25, 0.5714285714285714, 2.5]
add_vectors: [5.0, 5.5, 4.2]
subtract_vectors: [-3.0, -1.5, 1.8]
multiply_vectors_elementwise: [4.0, 7.0, 3.5999999999999996]
divide_vectors_elementwise: [0.25, 0.5714285714285714, 2.5]
